{
 "cells": [
  {
   "cell_type": "markdown",
   "id": "069ecf9c",
   "metadata": {},
   "source": [
    "# Detecting network intrusions & anomalies with higher-order topological kernels via quantum computation "
   ]
  },
  {
   "cell_type": "markdown",
   "id": "9408a7b2",
   "metadata": {},
   "source": [
    "### 0. CONSTRUCTING NUMPY DATASETS"
   ]
  },
  {
   "cell_type": "code",
   "execution_count": 95,
   "id": "89d92e65",
   "metadata": {},
   "outputs": [],
   "source": [
    "import pandas as pd\n",
    "import numpy as np\n",
    "\n",
    "# Load the CSV (you may need to change this to your actual filename)\n",
    "filename = 'BCCC-CIC-CSE-IDS2018/Friday-02-03-2018/friday_02_03_2018_bot/friday_02_03_2018_bot.csv'\n",
    "\n",
    "# Load the first 50 rows\n",
    "df = pd.read_csv(filename, nrows=500)\n",
    "\n",
    "# Select the top 5 anomaly-related features\n",
    "selected_features = [\n",
    "    'total_payload_bytes',\n",
    "    'bytes_rate',\n",
    "    'packets_rate',\n",
    "    'avg_segment_size',\n",
    "    'duration',\n",
    "    'fwd_bytes_rate',\n",
    "    'bwd_bytes_rate',\n",
    "    'syn_flag_counts'\n",
    "\n",
    "]\n",
    "\n",
    "# Extract the relevant features\n",
    "features_df = df[selected_features]\n",
    "\n",
    "# # Save as CSV\n",
    "# features_df.to_csv('CSV-500-botnet-benign.csv', index=False)\n",
    "\n",
    "# Save as a NumPy array\n",
    "features_array = features_df.to_numpy()\n",
    "np.save('500-botnet-attack.npy', features_array)\n"
   ]
  },
  {
   "cell_type": "markdown",
   "id": "b07fad16",
   "metadata": {},
   "source": [
    "## BEGIN - TRAINING VECTORS & LOAD DATA"
   ]
  },
  {
   "cell_type": "code",
   "execution_count": 113,
   "id": "d02e7383",
   "metadata": {},
   "outputs": [],
   "source": [
    "from sklearn.datasets import load_iris\n",
    "from sklearn.svm import SVC\n",
    "from sklearn.metrics import mean_squared_error, r2_score\n",
    "from sklearn.model_selection import train_test_split\n",
    "from sklearn.preprocessing import StandardScaler\n",
    "import numpy as np\n",
    "from quask.core import Ansatz, Kernel, KernelFactory, KernelType\n",
    "from quask.core_implementation import QiskitKernel"
   ]
  },
  {
   "cell_type": "code",
   "execution_count": 114,
   "id": "41d3eaf7",
   "metadata": {},
   "outputs": [],
   "source": [
    "qX1 = np.load('50-botnet-benign.npy')\n",
    "qX2 = np.load('50-botnet-attack.npy')"
   ]
  },
  {
   "cell_type": "code",
   "execution_count": 115,
   "id": "7bb74eb5",
   "metadata": {},
   "outputs": [],
   "source": [
    "qX1 = qX1[:10,:]\n",
    "qX2 = qX2[:10,:]"
   ]
  },
  {
   "cell_type": "code",
   "execution_count": 116,
   "id": "e69b3266",
   "metadata": {},
   "outputs": [],
   "source": [
    "# # Normalize\n",
    "# qX1 = StandardScaler().fit_transform(qX1)\n",
    "# qX2 = StandardScaler().fit_transform(qX2)"
   ]
  },
  {
   "cell_type": "code",
   "execution_count": 117,
   "id": "7f3b6b44",
   "metadata": {},
   "outputs": [
    {
     "name": "stdout",
     "output_type": "stream",
     "text": [
      "qX.shape=(20, 8)\n",
      "qy.shape=(20,)\n"
     ]
    }
   ],
   "source": [
    "qX = np.row_stack([qX1, qX2])\n",
    "qy = np.array([-1] * len(qX1) + [1] * len(qX2))\n",
    "\n",
    "print(f\"{qX.shape=}\")\n",
    "print(f\"{qy.shape=}\")"
   ]
  },
  {
   "cell_type": "code",
   "execution_count": 118,
   "id": "3a4a2b37",
   "metadata": {},
   "outputs": [
    {
     "name": "stdout",
     "output_type": "stream",
     "text": [
      "Shape training set: (16, 8) (16,)\n",
      "Shape testing set: (4, 8) (4,)\n",
      "Example of feature: [1.29500000e+03 2.31882842e+04 1.61154098e+02 1.43888889e+02\n",
      " 5.58471680e-02 7.80702077e+03 1.53812634e+04 2.00000000e+00]\n",
      "Example of label: -1\n"
     ]
    }
   ],
   "source": [
    "qX_train, qX_test, qy_train, qy_test = train_test_split(qX, qy, test_size=0.2, random_state=42)\n",
    "\n",
    "print(\"Shape training set:\", qX_train.shape, qy_train.shape)\n",
    "print(\"Shape testing set:\", qX_test.shape, qy_test.shape)\n",
    "print(\"Example of feature:\", qX_train[0])\n",
    "print(\"Example of label:\", qy_train[0])"
   ]
  },
  {
   "cell_type": "code",
   "execution_count": 119,
   "id": "ffa3ac32",
   "metadata": {},
   "outputs": [],
   "source": [
    "# Instantiate a machine learning model\n",
    "model = SVC(kernel='precomputed')"
   ]
  },
  {
   "cell_type": "markdown",
   "id": "2ea97085",
   "metadata": {},
   "source": [
    "## BUILD QKERNEL"
   ]
  },
  {
   "cell_type": "code",
   "execution_count": 120,
   "id": "8cd00047",
   "metadata": {},
   "outputs": [
    {
     "name": "stderr",
     "output_type": "stream",
     "text": [
      "/tmp/ipykernel_8984/3541412117.py:17: DeprecationWarning: The \"ibm_quantum\" channel option is deprecated and will be sunset on 1 July. After this date, \"ibm_cloud\", \"ibm_quantum_platform\", and \"local\" will be the only valid channels. Open Plan users should migrate now.  All other users should review the migration guide (https://quantum.cloud.ibm.com/docs/migration-guides/classic-iqp-to-cloud-iqp)to learn when to migrate.\n",
      "  _service = QiskitRuntimeService()  # ensure credentials/configured\n"
     ]
    }
   ],
   "source": [
    "from quask.core_implementation.qiskit_kernel import QiskitKernel\n",
    "from quask.core import KernelType\n",
    "from qiskit_ibm_runtime import QiskitRuntimeService, Session, Sampler\n",
    "\n",
    "# SIMULATED AER BACKEND\n",
    "def create_qiskit_noiseless(ansatz, measurement: str, type: KernelType):\n",
    "    # Here platform=\"infty_shots\" forces Estimator/Aer path inside QiskitKernel\n",
    "    return QiskitKernel(\n",
    "        ansatz,\n",
    "        measurement,\n",
    "        type,\n",
    "        platform=\"infty_shots\",\n",
    "        n_shots=None  # None means no sampling, use statevector/estimator\n",
    "    )\n",
    "\n",
    "# REAL QUANTUM BACKEND\n",
    "_service = QiskitRuntimeService()  # ensure credentials/configured\n",
    "_backend = _service.backend(\"ibm_rensselaer\", instance=\"rpi-rensselaer/classes/itws-4940-callab\")\n",
    "_options = {\n",
    "    \"dynamical_decoupling\": {\"sequence_type\": \"XX\", \"enable\": False},\n",
    "    \"twirling\": {\"enable_gates\": False, \"enable_measure\": False, \"num_randomizations\": \"auto\", \"shots_per_randomization\": \"auto\"}\n",
    "}\n",
    "\n",
    "# Example factory for a real IBM backend with given options\n",
    "def create_qiskit_ibm(ansatz, measurement: str, type: KernelType):\n",
    "    return QiskitKernel(\n",
    "        ansatz,\n",
    "        measurement,\n",
    "        type,\n",
    "        platform=\"ibm_quantum\",    # or leave default so QiskitKernel picks job mode\n",
    "        n_shots=2048,\n",
    "        options=_options,\n",
    "        backend=_backend,\n",
    "    )"
   ]
  },
  {
   "cell_type": "markdown",
   "id": "462b6cf2",
   "metadata": {},
   "source": [
    "Add to Factory"
   ]
  },
  {
   "cell_type": "code",
   "execution_count": null,
   "id": "ba7c99b8",
   "metadata": {},
   "outputs": [],
   "source": [
    "from quask.core import KernelFactory, Ansatz\n",
    "\n",
    "# Register the noiseless factory\n",
    "# KernelFactory.add_implementation('qiskit_noiseless', create_qiskit_noiseless)\n",
    "# Register the IBM backend factory\n",
    "KernelFactory.add_implementation('qiskit_ibm', create_qiskit_ibm)\n",
    "\n",
    "# Choose which one is the default for create_kernel calls:\n",
    "# KernelFactory.set_current_implementation('qiskit_noiseless')\n",
    "# ...later, if you want to switch:\n",
    "KernelFactory.set_current_implementation('qiskit_ibm')"
   ]
  },
  {
   "cell_type": "code",
   "execution_count": 122,
   "id": "4e2bf61b",
   "metadata": {},
   "outputs": [],
   "source": [
    "# print(qX_train)\n",
    "# print(qy_train)"
   ]
  },
  {
   "cell_type": "markdown",
   "id": "5c620c41",
   "metadata": {},
   "source": [
    "Define ansatz ops"
   ]
  },
  {
   "cell_type": "code",
   "execution_count": 123,
   "id": "548d9206",
   "metadata": {},
   "outputs": [],
   "source": [
    "ansatz = Ansatz(n_features=8, n_qubits=8, n_operations=8)\n",
    "ansatz.initialize_to_identity()\n",
    "# e.g. set operations...\n",
    "ansatz.change_operation(0, new_feature=0, new_wires=[0, 1], new_generator=\"XX\", new_bandwidth=0.1)\n",
    "ansatz.change_operation(1, new_feature=1, new_wires=[1, 2], new_generator=\"XY\", new_bandwidth=0.1)\n",
    "ansatz.change_operation(2, new_feature=2, new_wires=[2, 3], new_generator=\"XZ\", new_bandwidth=0.1)\n",
    "ansatz.change_operation(3, new_feature=3, new_wires=[3, 0], new_generator=\"YX\", new_bandwidth=0.1)\n",
    "ansatz.change_operation(4, new_feature=4, new_wires=[0, 1], new_generator=\"YY\", new_bandwidth=0.1)\n",
    "ansatz.change_operation(5, new_feature=5, new_wires=[1, 2], new_generator=\"YZ\", new_bandwidth=0.1)\n",
    "ansatz.change_operation(6, new_feature=6, new_wires=[2, 3], new_generator=\"ZX\", new_bandwidth=0.1)\n",
    "ansatz.change_operation(7, new_feature=7, new_wires=[3, 0], new_generator=\"ZY\", new_bandwidth=0.1)"
   ]
  },
  {
   "cell_type": "markdown",
   "id": "582b8ada",
   "metadata": {},
   "source": [
    "Create KernelFactory"
   ]
  },
  {
   "cell_type": "code",
   "execution_count": null,
   "id": "0d2c8b32",
   "metadata": {},
   "outputs": [],
   "source": [
    "kernel = KernelFactory.create_kernel(ansatz, \"ZZZZZZZZ\", KernelType.FIDELITY)\n",
    "\n",
    "kernel.service = _service # This will invoke whichever implementation is current (e.g., create_qiskit_noiseless)."
   ]
  },
  {
   "cell_type": "code",
   "execution_count": 125,
   "id": "01b44798",
   "metadata": {},
   "outputs": [
    {
     "name": "stdout",
     "output_type": "stream",
     "text": [
      "[[ 1.00000000e+00 -6.55528899e-01 -8.15830557e-02 -7.14626267e-02\n",
      "  -2.15170604e-01 -9.49416214e-02 -6.42104450e-02 -2.94967521e-02\n",
      "  -8.77281021e-02  1.85274712e-02  4.19203799e-02 -4.15188614e-02\n",
      "   1.24122643e-01  4.57344975e-02  1.89516119e-02 -5.53845998e-02]\n",
      " [-6.55528899e-01  1.00000000e+00 -6.62418798e-02  2.38117210e-02\n",
      "   1.01506361e-02  5.10265375e-02 -1.05587550e-02  2.09989633e-01\n",
      "   1.51944001e-01  1.18926241e-02 -2.19932002e-01 -5.02743298e-02\n",
      "  -3.73434792e-01 -3.21805527e-02  3.10445128e-02 -1.39172675e-01]\n",
      " [-8.15830557e-02 -6.62418798e-02  1.00000000e+00  2.92904496e-01\n",
      "   6.36112558e-01 -2.26349057e-01  7.20239147e-01  5.39582081e-01\n",
      "  -2.28573798e-02 -4.69393651e-02  2.49017314e-03  8.91681572e-01\n",
      "   6.01967354e-02  1.15052922e-02 -8.48955882e-01 -3.26523099e-01]\n",
      " [-7.14626267e-02  2.38117210e-02  2.92904496e-01  1.00000000e+00\n",
      "   4.10177974e-01  4.14074486e-02  4.05052649e-01  1.06973616e-01\n",
      "  -1.03625805e-01 -3.69629480e-02 -1.50065460e-01  1.52045055e-01\n",
      "  -5.22148432e-03 -5.79189351e-03 -2.34633632e-01  2.67361333e-01]\n",
      " [-2.15170604e-01  1.01506361e-02  6.36112558e-01  4.10177974e-01\n",
      "   1.00000000e+00 -1.53371200e-01  7.49832971e-01  1.60113151e-01\n",
      "  -5.14398267e-04  8.81548742e-02  3.22950565e-03  3.38398199e-01\n",
      "   1.07229215e-01 -4.02809949e-02 -3.80757618e-01 -2.13183659e-01]\n",
      " [-9.49416214e-02  5.10265375e-02 -2.26349057e-01  4.14074486e-02\n",
      "  -1.53371200e-01  1.00000000e+00 -2.79428989e-01 -1.45232561e-01\n",
      "   6.07996072e-03 -2.50879977e-01  4.27167799e-03 -6.67884425e-02\n",
      "  -9.20119024e-02  4.58562696e-01  1.37023976e-01  3.21204160e-01]\n",
      " [-6.42104450e-02 -1.05587550e-02  7.20239147e-01  4.05052649e-01\n",
      "   7.49832971e-01 -2.79428989e-01  1.00000000e+00  1.85542201e-01\n",
      "  -7.42904433e-02  1.00070778e-01 -1.35637085e-02  4.97006718e-01\n",
      "   5.15443732e-02 -4.94401971e-02 -7.16249661e-01 -2.48782280e-01]\n",
      " [-2.94967521e-02  2.09989633e-01  5.39582081e-01  1.06973616e-01\n",
      "   1.60113151e-01 -1.45232561e-01  1.85542201e-01  1.00000000e+00\n",
      "   1.65720077e-01 -4.68072583e-02 -1.01009776e-01  5.13773652e-01\n",
      "  -4.70730728e-02  3.18411277e-02 -3.86886334e-01 -2.18695221e-01]\n",
      " [-8.77281021e-02  1.51944001e-01 -2.28573798e-02 -1.03625805e-01\n",
      "  -5.14398267e-04  6.07996072e-03 -7.42904433e-02  1.65720077e-01\n",
      "   1.00000000e+00  3.94853160e-02  2.89215666e-01 -8.57850574e-02\n",
      "   3.46036435e-03  3.07778081e-02  2.67218445e-01  1.63000042e-02]\n",
      " [ 1.85274712e-02  1.18926241e-02 -4.69393651e-02 -3.69629480e-02\n",
      "   8.81548742e-02 -2.50879977e-01  1.00070778e-01 -4.68072583e-02\n",
      "   3.94853160e-02  1.00000000e+00  6.15676882e-03  1.07082080e-01\n",
      "  -1.40593904e-01 -6.87865122e-01 -3.68362965e-02 -2.31327151e-01]\n",
      " [ 4.19203799e-02 -2.19932002e-01  2.49017314e-03 -1.50065460e-01\n",
      "   3.22950565e-03  4.27167799e-03 -1.35637085e-02 -1.01009776e-01\n",
      "   2.89215666e-01  6.15676882e-03  1.00000000e+00 -3.01633377e-03\n",
      "  -1.99716644e-02 -1.47910363e-02  5.01863634e-02  2.61548433e-02]\n",
      " [-4.15188614e-02 -5.02743298e-02  8.91681572e-01  1.52045055e-01\n",
      "   3.38398199e-01 -6.67884425e-02  4.97006718e-01  5.13773652e-01\n",
      "  -8.57850574e-02  1.07082080e-01 -3.01633377e-03  1.00000000e+00\n",
      "  -4.82332855e-02 -1.00378816e-01 -8.78789479e-01 -3.12306401e-01]\n",
      " [ 1.24122643e-01 -3.73434792e-01  6.01967354e-02 -5.22148432e-03\n",
      "   1.07229215e-01 -9.20119024e-02  5.15443732e-02 -4.70730728e-02\n",
      "   3.46036435e-03 -1.40593904e-01 -1.99716644e-02 -4.82332855e-02\n",
      "   1.00000000e+00  1.59337353e-01  2.85384285e-02  1.17598238e-01]\n",
      " [ 4.57344975e-02 -3.21805527e-02  1.15052922e-02 -5.79189351e-03\n",
      "  -4.02809949e-02  4.58562696e-01 -4.94401971e-02  3.18411277e-02\n",
      "   3.07778081e-02 -6.87865122e-01 -1.47910363e-02 -1.00378816e-01\n",
      "   1.59337353e-01  1.00000000e+00  3.03236768e-02 -3.33102391e-02]\n",
      " [ 1.89516119e-02  3.10445128e-02 -8.48955882e-01 -2.34633632e-01\n",
      "  -3.80757618e-01  1.37023976e-01 -7.16249661e-01 -3.86886334e-01\n",
      "   2.67218445e-01 -3.68362965e-02  5.01863634e-02 -8.78789479e-01\n",
      "   2.85384285e-02  3.03236768e-02  1.00000000e+00  2.64679271e-01]\n",
      " [-5.53845998e-02 -1.39172675e-01 -3.26523099e-01  2.67361333e-01\n",
      "  -2.13183659e-01  3.21204160e-01 -2.48782280e-01 -2.18695221e-01\n",
      "   1.63000042e-02 -2.31327151e-01  2.61548433e-02 -3.12306401e-01\n",
      "   1.17598238e-01 -3.33102391e-02  2.64679271e-01  1.00000000e+00]]\n"
     ]
    }
   ],
   "source": [
    "# batch all jobs in a session\n",
    "# with Session(backend=backend) as session:\n",
    "#     kernel._session = session\n",
    "#     kernel._sampler = Sampler(session=session)\n",
    "\n",
    "#     K_train = kernel.build_kernel(X_train, X_train, matrix=\"train\")\n",
    "\n",
    "\n",
    "K_train = kernel.build_kernel(qX_train, qX_train, matrix=\"train\") # train data\n",
    "print(K_train)"
   ]
  },
  {
   "cell_type": "markdown",
   "id": "ae457b93",
   "metadata": {},
   "source": [
    "Fit trained data to model"
   ]
  },
  {
   "cell_type": "code",
   "execution_count": 126,
   "id": "8ad4e7d0",
   "metadata": {},
   "outputs": [
    {
     "data": {
      "text/html": [
       "<style>#sk-container-id-6 {\n",
       "  /* Definition of color scheme common for light and dark mode */\n",
       "  --sklearn-color-text: #000;\n",
       "  --sklearn-color-text-muted: #666;\n",
       "  --sklearn-color-line: gray;\n",
       "  /* Definition of color scheme for unfitted estimators */\n",
       "  --sklearn-color-unfitted-level-0: #fff5e6;\n",
       "  --sklearn-color-unfitted-level-1: #f6e4d2;\n",
       "  --sklearn-color-unfitted-level-2: #ffe0b3;\n",
       "  --sklearn-color-unfitted-level-3: chocolate;\n",
       "  /* Definition of color scheme for fitted estimators */\n",
       "  --sklearn-color-fitted-level-0: #f0f8ff;\n",
       "  --sklearn-color-fitted-level-1: #d4ebff;\n",
       "  --sklearn-color-fitted-level-2: #b3dbfd;\n",
       "  --sklearn-color-fitted-level-3: cornflowerblue;\n",
       "\n",
       "  /* Specific color for light theme */\n",
       "  --sklearn-color-text-on-default-background: var(--sg-text-color, var(--theme-code-foreground, var(--jp-content-font-color1, black)));\n",
       "  --sklearn-color-background: var(--sg-background-color, var(--theme-background, var(--jp-layout-color0, white)));\n",
       "  --sklearn-color-border-box: var(--sg-text-color, var(--theme-code-foreground, var(--jp-content-font-color1, black)));\n",
       "  --sklearn-color-icon: #696969;\n",
       "\n",
       "  @media (prefers-color-scheme: dark) {\n",
       "    /* Redefinition of color scheme for dark theme */\n",
       "    --sklearn-color-text-on-default-background: var(--sg-text-color, var(--theme-code-foreground, var(--jp-content-font-color1, white)));\n",
       "    --sklearn-color-background: var(--sg-background-color, var(--theme-background, var(--jp-layout-color0, #111)));\n",
       "    --sklearn-color-border-box: var(--sg-text-color, var(--theme-code-foreground, var(--jp-content-font-color1, white)));\n",
       "    --sklearn-color-icon: #878787;\n",
       "  }\n",
       "}\n",
       "\n",
       "#sk-container-id-6 {\n",
       "  color: var(--sklearn-color-text);\n",
       "}\n",
       "\n",
       "#sk-container-id-6 pre {\n",
       "  padding: 0;\n",
       "}\n",
       "\n",
       "#sk-container-id-6 input.sk-hidden--visually {\n",
       "  border: 0;\n",
       "  clip: rect(1px 1px 1px 1px);\n",
       "  clip: rect(1px, 1px, 1px, 1px);\n",
       "  height: 1px;\n",
       "  margin: -1px;\n",
       "  overflow: hidden;\n",
       "  padding: 0;\n",
       "  position: absolute;\n",
       "  width: 1px;\n",
       "}\n",
       "\n",
       "#sk-container-id-6 div.sk-dashed-wrapped {\n",
       "  border: 1px dashed var(--sklearn-color-line);\n",
       "  margin: 0 0.4em 0.5em 0.4em;\n",
       "  box-sizing: border-box;\n",
       "  padding-bottom: 0.4em;\n",
       "  background-color: var(--sklearn-color-background);\n",
       "}\n",
       "\n",
       "#sk-container-id-6 div.sk-container {\n",
       "  /* jupyter's `normalize.less` sets `[hidden] { display: none; }`\n",
       "     but bootstrap.min.css set `[hidden] { display: none !important; }`\n",
       "     so we also need the `!important` here to be able to override the\n",
       "     default hidden behavior on the sphinx rendered scikit-learn.org.\n",
       "     See: https://github.com/scikit-learn/scikit-learn/issues/21755 */\n",
       "  display: inline-block !important;\n",
       "  position: relative;\n",
       "}\n",
       "\n",
       "#sk-container-id-6 div.sk-text-repr-fallback {\n",
       "  display: none;\n",
       "}\n",
       "\n",
       "div.sk-parallel-item,\n",
       "div.sk-serial,\n",
       "div.sk-item {\n",
       "  /* draw centered vertical line to link estimators */\n",
       "  background-image: linear-gradient(var(--sklearn-color-text-on-default-background), var(--sklearn-color-text-on-default-background));\n",
       "  background-size: 2px 100%;\n",
       "  background-repeat: no-repeat;\n",
       "  background-position: center center;\n",
       "}\n",
       "\n",
       "/* Parallel-specific style estimator block */\n",
       "\n",
       "#sk-container-id-6 div.sk-parallel-item::after {\n",
       "  content: \"\";\n",
       "  width: 100%;\n",
       "  border-bottom: 2px solid var(--sklearn-color-text-on-default-background);\n",
       "  flex-grow: 1;\n",
       "}\n",
       "\n",
       "#sk-container-id-6 div.sk-parallel {\n",
       "  display: flex;\n",
       "  align-items: stretch;\n",
       "  justify-content: center;\n",
       "  background-color: var(--sklearn-color-background);\n",
       "  position: relative;\n",
       "}\n",
       "\n",
       "#sk-container-id-6 div.sk-parallel-item {\n",
       "  display: flex;\n",
       "  flex-direction: column;\n",
       "}\n",
       "\n",
       "#sk-container-id-6 div.sk-parallel-item:first-child::after {\n",
       "  align-self: flex-end;\n",
       "  width: 50%;\n",
       "}\n",
       "\n",
       "#sk-container-id-6 div.sk-parallel-item:last-child::after {\n",
       "  align-self: flex-start;\n",
       "  width: 50%;\n",
       "}\n",
       "\n",
       "#sk-container-id-6 div.sk-parallel-item:only-child::after {\n",
       "  width: 0;\n",
       "}\n",
       "\n",
       "/* Serial-specific style estimator block */\n",
       "\n",
       "#sk-container-id-6 div.sk-serial {\n",
       "  display: flex;\n",
       "  flex-direction: column;\n",
       "  align-items: center;\n",
       "  background-color: var(--sklearn-color-background);\n",
       "  padding-right: 1em;\n",
       "  padding-left: 1em;\n",
       "}\n",
       "\n",
       "\n",
       "/* Toggleable style: style used for estimator/Pipeline/ColumnTransformer box that is\n",
       "clickable and can be expanded/collapsed.\n",
       "- Pipeline and ColumnTransformer use this feature and define the default style\n",
       "- Estimators will overwrite some part of the style using the `sk-estimator` class\n",
       "*/\n",
       "\n",
       "/* Pipeline and ColumnTransformer style (default) */\n",
       "\n",
       "#sk-container-id-6 div.sk-toggleable {\n",
       "  /* Default theme specific background. It is overwritten whether we have a\n",
       "  specific estimator or a Pipeline/ColumnTransformer */\n",
       "  background-color: var(--sklearn-color-background);\n",
       "}\n",
       "\n",
       "/* Toggleable label */\n",
       "#sk-container-id-6 label.sk-toggleable__label {\n",
       "  cursor: pointer;\n",
       "  display: flex;\n",
       "  width: 100%;\n",
       "  margin-bottom: 0;\n",
       "  padding: 0.5em;\n",
       "  box-sizing: border-box;\n",
       "  text-align: center;\n",
       "  align-items: start;\n",
       "  justify-content: space-between;\n",
       "  gap: 0.5em;\n",
       "}\n",
       "\n",
       "#sk-container-id-6 label.sk-toggleable__label .caption {\n",
       "  font-size: 0.6rem;\n",
       "  font-weight: lighter;\n",
       "  color: var(--sklearn-color-text-muted);\n",
       "}\n",
       "\n",
       "#sk-container-id-6 label.sk-toggleable__label-arrow:before {\n",
       "  /* Arrow on the left of the label */\n",
       "  content: \"▸\";\n",
       "  float: left;\n",
       "  margin-right: 0.25em;\n",
       "  color: var(--sklearn-color-icon);\n",
       "}\n",
       "\n",
       "#sk-container-id-6 label.sk-toggleable__label-arrow:hover:before {\n",
       "  color: var(--sklearn-color-text);\n",
       "}\n",
       "\n",
       "/* Toggleable content - dropdown */\n",
       "\n",
       "#sk-container-id-6 div.sk-toggleable__content {\n",
       "  max-height: 0;\n",
       "  max-width: 0;\n",
       "  overflow: hidden;\n",
       "  text-align: left;\n",
       "  /* unfitted */\n",
       "  background-color: var(--sklearn-color-unfitted-level-0);\n",
       "}\n",
       "\n",
       "#sk-container-id-6 div.sk-toggleable__content.fitted {\n",
       "  /* fitted */\n",
       "  background-color: var(--sklearn-color-fitted-level-0);\n",
       "}\n",
       "\n",
       "#sk-container-id-6 div.sk-toggleable__content pre {\n",
       "  margin: 0.2em;\n",
       "  border-radius: 0.25em;\n",
       "  color: var(--sklearn-color-text);\n",
       "  /* unfitted */\n",
       "  background-color: var(--sklearn-color-unfitted-level-0);\n",
       "}\n",
       "\n",
       "#sk-container-id-6 div.sk-toggleable__content.fitted pre {\n",
       "  /* unfitted */\n",
       "  background-color: var(--sklearn-color-fitted-level-0);\n",
       "}\n",
       "\n",
       "#sk-container-id-6 input.sk-toggleable__control:checked~div.sk-toggleable__content {\n",
       "  /* Expand drop-down */\n",
       "  max-height: 200px;\n",
       "  max-width: 100%;\n",
       "  overflow: auto;\n",
       "}\n",
       "\n",
       "#sk-container-id-6 input.sk-toggleable__control:checked~label.sk-toggleable__label-arrow:before {\n",
       "  content: \"▾\";\n",
       "}\n",
       "\n",
       "/* Pipeline/ColumnTransformer-specific style */\n",
       "\n",
       "#sk-container-id-6 div.sk-label input.sk-toggleable__control:checked~label.sk-toggleable__label {\n",
       "  color: var(--sklearn-color-text);\n",
       "  background-color: var(--sklearn-color-unfitted-level-2);\n",
       "}\n",
       "\n",
       "#sk-container-id-6 div.sk-label.fitted input.sk-toggleable__control:checked~label.sk-toggleable__label {\n",
       "  background-color: var(--sklearn-color-fitted-level-2);\n",
       "}\n",
       "\n",
       "/* Estimator-specific style */\n",
       "\n",
       "/* Colorize estimator box */\n",
       "#sk-container-id-6 div.sk-estimator input.sk-toggleable__control:checked~label.sk-toggleable__label {\n",
       "  /* unfitted */\n",
       "  background-color: var(--sklearn-color-unfitted-level-2);\n",
       "}\n",
       "\n",
       "#sk-container-id-6 div.sk-estimator.fitted input.sk-toggleable__control:checked~label.sk-toggleable__label {\n",
       "  /* fitted */\n",
       "  background-color: var(--sklearn-color-fitted-level-2);\n",
       "}\n",
       "\n",
       "#sk-container-id-6 div.sk-label label.sk-toggleable__label,\n",
       "#sk-container-id-6 div.sk-label label {\n",
       "  /* The background is the default theme color */\n",
       "  color: var(--sklearn-color-text-on-default-background);\n",
       "}\n",
       "\n",
       "/* On hover, darken the color of the background */\n",
       "#sk-container-id-6 div.sk-label:hover label.sk-toggleable__label {\n",
       "  color: var(--sklearn-color-text);\n",
       "  background-color: var(--sklearn-color-unfitted-level-2);\n",
       "}\n",
       "\n",
       "/* Label box, darken color on hover, fitted */\n",
       "#sk-container-id-6 div.sk-label.fitted:hover label.sk-toggleable__label.fitted {\n",
       "  color: var(--sklearn-color-text);\n",
       "  background-color: var(--sklearn-color-fitted-level-2);\n",
       "}\n",
       "\n",
       "/* Estimator label */\n",
       "\n",
       "#sk-container-id-6 div.sk-label label {\n",
       "  font-family: monospace;\n",
       "  font-weight: bold;\n",
       "  display: inline-block;\n",
       "  line-height: 1.2em;\n",
       "}\n",
       "\n",
       "#sk-container-id-6 div.sk-label-container {\n",
       "  text-align: center;\n",
       "}\n",
       "\n",
       "/* Estimator-specific */\n",
       "#sk-container-id-6 div.sk-estimator {\n",
       "  font-family: monospace;\n",
       "  border: 1px dotted var(--sklearn-color-border-box);\n",
       "  border-radius: 0.25em;\n",
       "  box-sizing: border-box;\n",
       "  margin-bottom: 0.5em;\n",
       "  /* unfitted */\n",
       "  background-color: var(--sklearn-color-unfitted-level-0);\n",
       "}\n",
       "\n",
       "#sk-container-id-6 div.sk-estimator.fitted {\n",
       "  /* fitted */\n",
       "  background-color: var(--sklearn-color-fitted-level-0);\n",
       "}\n",
       "\n",
       "/* on hover */\n",
       "#sk-container-id-6 div.sk-estimator:hover {\n",
       "  /* unfitted */\n",
       "  background-color: var(--sklearn-color-unfitted-level-2);\n",
       "}\n",
       "\n",
       "#sk-container-id-6 div.sk-estimator.fitted:hover {\n",
       "  /* fitted */\n",
       "  background-color: var(--sklearn-color-fitted-level-2);\n",
       "}\n",
       "\n",
       "/* Specification for estimator info (e.g. \"i\" and \"?\") */\n",
       "\n",
       "/* Common style for \"i\" and \"?\" */\n",
       "\n",
       ".sk-estimator-doc-link,\n",
       "a:link.sk-estimator-doc-link,\n",
       "a:visited.sk-estimator-doc-link {\n",
       "  float: right;\n",
       "  font-size: smaller;\n",
       "  line-height: 1em;\n",
       "  font-family: monospace;\n",
       "  background-color: var(--sklearn-color-background);\n",
       "  border-radius: 1em;\n",
       "  height: 1em;\n",
       "  width: 1em;\n",
       "  text-decoration: none !important;\n",
       "  margin-left: 0.5em;\n",
       "  text-align: center;\n",
       "  /* unfitted */\n",
       "  border: var(--sklearn-color-unfitted-level-1) 1pt solid;\n",
       "  color: var(--sklearn-color-unfitted-level-1);\n",
       "}\n",
       "\n",
       ".sk-estimator-doc-link.fitted,\n",
       "a:link.sk-estimator-doc-link.fitted,\n",
       "a:visited.sk-estimator-doc-link.fitted {\n",
       "  /* fitted */\n",
       "  border: var(--sklearn-color-fitted-level-1) 1pt solid;\n",
       "  color: var(--sklearn-color-fitted-level-1);\n",
       "}\n",
       "\n",
       "/* On hover */\n",
       "div.sk-estimator:hover .sk-estimator-doc-link:hover,\n",
       ".sk-estimator-doc-link:hover,\n",
       "div.sk-label-container:hover .sk-estimator-doc-link:hover,\n",
       ".sk-estimator-doc-link:hover {\n",
       "  /* unfitted */\n",
       "  background-color: var(--sklearn-color-unfitted-level-3);\n",
       "  color: var(--sklearn-color-background);\n",
       "  text-decoration: none;\n",
       "}\n",
       "\n",
       "div.sk-estimator.fitted:hover .sk-estimator-doc-link.fitted:hover,\n",
       ".sk-estimator-doc-link.fitted:hover,\n",
       "div.sk-label-container:hover .sk-estimator-doc-link.fitted:hover,\n",
       ".sk-estimator-doc-link.fitted:hover {\n",
       "  /* fitted */\n",
       "  background-color: var(--sklearn-color-fitted-level-3);\n",
       "  color: var(--sklearn-color-background);\n",
       "  text-decoration: none;\n",
       "}\n",
       "\n",
       "/* Span, style for the box shown on hovering the info icon */\n",
       ".sk-estimator-doc-link span {\n",
       "  display: none;\n",
       "  z-index: 9999;\n",
       "  position: relative;\n",
       "  font-weight: normal;\n",
       "  right: .2ex;\n",
       "  padding: .5ex;\n",
       "  margin: .5ex;\n",
       "  width: min-content;\n",
       "  min-width: 20ex;\n",
       "  max-width: 50ex;\n",
       "  color: var(--sklearn-color-text);\n",
       "  box-shadow: 2pt 2pt 4pt #999;\n",
       "  /* unfitted */\n",
       "  background: var(--sklearn-color-unfitted-level-0);\n",
       "  border: .5pt solid var(--sklearn-color-unfitted-level-3);\n",
       "}\n",
       "\n",
       ".sk-estimator-doc-link.fitted span {\n",
       "  /* fitted */\n",
       "  background: var(--sklearn-color-fitted-level-0);\n",
       "  border: var(--sklearn-color-fitted-level-3);\n",
       "}\n",
       "\n",
       ".sk-estimator-doc-link:hover span {\n",
       "  display: block;\n",
       "}\n",
       "\n",
       "/* \"?\"-specific style due to the `<a>` HTML tag */\n",
       "\n",
       "#sk-container-id-6 a.estimator_doc_link {\n",
       "  float: right;\n",
       "  font-size: 1rem;\n",
       "  line-height: 1em;\n",
       "  font-family: monospace;\n",
       "  background-color: var(--sklearn-color-background);\n",
       "  border-radius: 1rem;\n",
       "  height: 1rem;\n",
       "  width: 1rem;\n",
       "  text-decoration: none;\n",
       "  /* unfitted */\n",
       "  color: var(--sklearn-color-unfitted-level-1);\n",
       "  border: var(--sklearn-color-unfitted-level-1) 1pt solid;\n",
       "}\n",
       "\n",
       "#sk-container-id-6 a.estimator_doc_link.fitted {\n",
       "  /* fitted */\n",
       "  border: var(--sklearn-color-fitted-level-1) 1pt solid;\n",
       "  color: var(--sklearn-color-fitted-level-1);\n",
       "}\n",
       "\n",
       "/* On hover */\n",
       "#sk-container-id-6 a.estimator_doc_link:hover {\n",
       "  /* unfitted */\n",
       "  background-color: var(--sklearn-color-unfitted-level-3);\n",
       "  color: var(--sklearn-color-background);\n",
       "  text-decoration: none;\n",
       "}\n",
       "\n",
       "#sk-container-id-6 a.estimator_doc_link.fitted:hover {\n",
       "  /* fitted */\n",
       "  background-color: var(--sklearn-color-fitted-level-3);\n",
       "}\n",
       "</style><div id=\"sk-container-id-6\" class=\"sk-top-container\"><div class=\"sk-text-repr-fallback\"><pre>SVC(kernel=&#x27;precomputed&#x27;)</pre><b>In a Jupyter environment, please rerun this cell to show the HTML representation or trust the notebook. <br />On GitHub, the HTML representation is unable to render, please try loading this page with nbviewer.org.</b></div><div class=\"sk-container\" hidden><div class=\"sk-item\"><div class=\"sk-estimator fitted sk-toggleable\"><input class=\"sk-toggleable__control sk-hidden--visually\" id=\"sk-estimator-id-6\" type=\"checkbox\" checked><label for=\"sk-estimator-id-6\" class=\"sk-toggleable__label fitted sk-toggleable__label-arrow\"><div><div>SVC</div></div><div><a class=\"sk-estimator-doc-link fitted\" rel=\"noreferrer\" target=\"_blank\" href=\"https://scikit-learn.org/1.6/modules/generated/sklearn.svm.SVC.html\">?<span>Documentation for SVC</span></a><span class=\"sk-estimator-doc-link fitted\">i<span>Fitted</span></span></div></label><div class=\"sk-toggleable__content fitted\"><pre>SVC(kernel=&#x27;precomputed&#x27;)</pre></div> </div></div></div></div>"
      ],
      "text/plain": [
       "SVC(kernel='precomputed')"
      ]
     },
     "execution_count": 126,
     "metadata": {},
     "output_type": "execute_result"
    }
   ],
   "source": [
    "model.fit(K_train, qy_train)"
   ]
  },
  {
   "cell_type": "code",
   "execution_count": 127,
   "id": "aee3c3ac",
   "metadata": {},
   "outputs": [],
   "source": [
    "# Predict the labels for the test data\n",
    "K_test = kernel.build_kernel(qX_test, qX_train, matrix=\"test\")\n",
    "y_pred = model.predict(K_test)"
   ]
  },
  {
   "cell_type": "code",
   "execution_count": 128,
   "id": "47e58a5c",
   "metadata": {},
   "outputs": [
    {
     "name": "stdout",
     "output_type": "stream",
     "text": [
      "Accuracy: 1.0\n"
     ]
    }
   ],
   "source": [
    "# Calculate the accuracy\n",
    "accuracy = np.sum(qy_test == y_pred) / len(qy_test)\n",
    "print(\"Accuracy:\", accuracy)"
   ]
  },
  {
   "cell_type": "markdown",
   "id": "ce2d9812",
   "metadata": {},
   "source": [
    "## Visualizations"
   ]
  },
  {
   "cell_type": "code",
   "execution_count": 129,
   "id": "0f090af5",
   "metadata": {},
   "outputs": [
    {
     "data": {
