{
 "cells": [
  {
   "cell_type": "markdown",
   "id": "069ecf9c",
   "metadata": {},
   "source": [
    "# Detecting network intrusions & anomalies with higher-order topological kernels via quantum computation "
   ]
  },
  {
   "cell_type": "markdown",
   "id": "9408a7b2",
   "metadata": {},
   "source": [
    "### 0. CONSTRUCTING NUMPY DATASETS"
   ]
  },
  {
   "cell_type": "code",
   "execution_count": 95,
   "id": "89d92e65",
   "metadata": {},
   "outputs": [],
   "source": [
    "import pandas as pd\n",
    "import numpy as np\n",
    "\n",
    "# Load the CSV from big dataset\n",
    "filename = 'BCCC-CIC-CSE-IDS2018/Friday-02-03-2018/friday_02_03_2018_bot/friday_02_03_2018_bot.csv'\n",
    "\n",
    "# Load the first 50 rows\n",
    "df = pd.read_csv(filename, nrows=500)\n",
    "\n",
    "# Select the top 5 anomaly-related features\n",
    "selected_features = [\n",
    "    'total_payload_bytes',\n",
    "    'bytes_rate',\n",
    "    'packets_rate',\n",
    "    'avg_segment_size',\n",
    "    'duration',\n",
    "    'fwd_bytes_rate',\n",
    "    'bwd_bytes_rate',\n",
    "    'syn_flag_counts'\n",
    "\n",
    "]\n",
    "\n",
    "# Extract the relevant features\n",
    "features_df = df[selected_features]\n",
    "\n",
    "# # Save as CSV\n",
    "# features_df.to_csv('CSV-500-botnet-benign.csv', index=False)\n",
    "\n",
    "# Save as a NumPy array\n",
    "features_array = features_df.to_numpy()\n",
    "np.save('500-botnet-attack.npy', features_array)\n"
   ]
  },
  {
   "cell_type": "markdown",
   "id": "b07fad16",
   "metadata": {},
   "source": [
    "## BEGIN - TRAINING VECTORS & LOAD DATA"
   ]
  },
  {
   "cell_type": "code",
   "execution_count": 1,
   "id": "d02e7383",
   "metadata": {},
   "outputs": [],
   "source": [
    "from sklearn.svm import SVC\n",
    "from sklearn.model_selection import train_test_split\n",
    "import numpy as np\n",
    "from quask.core import Ansatz, Kernel, KernelFactory, KernelType\n",
    "\n",
    "from quask.core_implementation import QiskitKernel"
   ]
  },
  {
   "cell_type": "code",
   "execution_count": 2,
   "id": "972c350b",
   "metadata": {},
   "outputs": [],
   "source": [
    "# import pandas as pd\n",
    "# from sklearn.preprocessing import MinMaxScaler\n",
    "\n",
    "# # Specify the columns you want to load\n",
    "# # cols = [\"duration\", \"packets_rate\", \"total_payload_bytes\", \"syn_flag_counts\", \"avg_segment_size\", \"fwd_bytes_rate\", \"bwd_bytes_rate\", \"ack_flag_counts\", \"fwd_avg_segment_size\", \"packets_count\", \"bytes_rate\", \"avg_fwd_bytes_per_bulk\", \"idle_mean\", \"fwd_packets_IAT_mean\", \"payload_bytes_variance\"]\n",
    "\n",
    "# # 8\n",
    "# cols = [\"duration\", \"packets_rate\", \"total_payload_bytes\", \"bytes_rate\", \"syn_flag_counts\", \"avg_segment_size\", \"fwd_bytes_rate\", \"bwd_bytes_rate\"]\n",
    "\n",
    "# # 11\n",
    "# # cols = ['src_port', 'duration', 'bytes_rate', 'packets_IAT_cov', 'packets_IAT_variance', 'fwd_packets_IAT_median', 'bwd_packets_IAT_std', 'bwd_packets_IAT_variance', 'min_bwd_packets_delta_time', 'mode_packets_delta_time', 'median_bwd_packets_delta_time']\n",
    "\n",
    "# # 10\n",
    "# # cols = ['src_port', 'duration', 'bytes_rate', 'packets_IAT_cov', 'packets_IAT_variance', 'fwd_packets_IAT_median', 'bwd_packets_IAT_std', 'min_bwd_packets_delta_time', 'mode_packets_delta_time', 'median_bwd_packets_delta_time']\n",
    "\n",
    "# # 18\n",
    "# # cols = ['src_port', 'duration', 'payload_bytes_max', 'payload_bytes_std',\n",
    "# #        'fwd_payload_bytes_variance', 'bwd_median_header_bytes', 'down_up_rate',\n",
    "# #        'avg_bwd_bytes_per_bulk', 'packet_IAT_min', 'fwd_packets_IAT_min',\n",
    "# #        'fwd_packets_IAT_mode', 'max_bwd_packets_delta_time',\n",
    "# #        'mean_bwd_packets_delta_time', 'variance_bwd_packets_delta_time',\n",
    "# #        'cov_bwd_packets_delta_time', 'skewness_fwd_packets_delta_time',\n",
    "# #        'mode_bwd_packets_delta_len', 'mode_fwd_packets_delta_len']\n",
    "\n",
    "# # Load only the first 200 rows and selected columns\n",
    "# qX1 = pd.read_csv(\n",
    "#     'BCCC-CIC-CSE-IDS2018/Friday-23-02-2018/friday_23_02_2018_benign/friday_23_02_2018_benign.csv',\n",
    "#     usecols=cols,\n",
    "#     nrows=30\n",
    "# ).to_numpy()\n",
    "\n",
    "# qX2 = pd.read_csv(\n",
    "#     'BCCC-CIC-CSE-IDS2018/Friday-23-02-2018/friday_23_02_2018_BF_web/friday_23_02_2018_BF_web.csv',\n",
    "#     usecols=cols,\n",
    "#     nrows=30\n",
    "# ).to_numpy()\n",
    "\n",
    "\n",
    "# # Transform separately\n",
    "# # scaler = MinMaxScaler(feature_range=(-1, 1))\n",
    "# # scaler.fit(np.vstack([qX1, qX2]))\n",
    "\n",
    "# # qX1 = scaler.transform(qX1)\n",
    "# # qX2 = scaler.transform(qX2)\n"
   ]
  },
  {
   "cell_type": "code",
   "execution_count": 3,
   "id": "b141732c",
   "metadata": {},
   "outputs": [
    {
     "name": "stderr",
     "output_type": "stream",
     "text": [
      "/mnt/c/users/maryc/onedrive/desktop/Quantum Research 2025/.venv/lib/python3.10/site-packages/xgboost/training.py:183: UserWarning: [23:39:47] WARNING: /workspace/src/learner.cc:738: \n",
      "Parameters: { \"use_label_encoder\" } are not used.\n",
      "\n",
      "  bst.update(dtrain, iteration=i, fobj=obj)\n"
     ]
    },
    {
     "name": "stdout",
     "output_type": "stream",
     "text": [
      "Top-10 features by importance:\n",
      "1. dst_port (1.0000)\n",
      "2. duration (0.0000)\n",
      "3. packets_count (0.0000)\n",
      "4. fwd_packets_count (0.0000)\n",
      "5. bwd_packets_count (0.0000)\n",
      "6. total_payload_bytes (0.0000)\n",
      "7. payload_bytes_mean (0.0000)\n",
      "8. payload_bytes_std (0.0000)\n",
      "\n",
      "After selecting top features:\n",
      "Final selected features: Index(['dst_port', 'duration', 'packets_count', 'fwd_packets_count',\n",
      "       'bwd_packets_count', 'total_payload_bytes', 'payload_bytes_mean',\n",
      "       'payload_bytes_std'],\n",
      "      dtype='object')\n",
      "Benign shape: (50, 8)\n",
      "Attack shape: (50, 8)\n"
     ]
    }
   ],
   "source": [
    "import pandas as pd\n",
    "import numpy as np\n",
    "from sklearn.preprocessing import MinMaxScaler\n",
    "import xgboost as xgb\n",
    "\n",
    "# --- Load ---\n",
    "df_attack = pd.read_csv(\n",
    "    'BCCC-CIC-CSE-IDS2018/Friday-16-02-2018/friday_16_02_2018_dos_hulk_part2/friday_16_02_2018_dos_hulk_part2.csv',\n",
    "    nrows=50\n",
    ")\n",
    "df_benign = pd.read_csv(\n",
    "    'BCCC-CIC-CSE-IDS2018/Friday-16-02-2018/friday_16_02_2018_benign_part2/friday_16_02_2018_benign_part2.csv',\n",
    "    nrows=50\n",
    ")\n",
    "\n",
    "# --- Keep numeric columns ---\n",
    "X_attack = df_attack.select_dtypes(include=[np.number]).copy()\n",
    "X_benign = df_benign.select_dtypes(include=[np.number]).copy()\n",
    "\n",
    "# --- Replace inf with NaN ---\n",
    "X_attack.replace([np.inf, -np.inf], np.nan, inplace=True)\n",
    "X_benign.replace([np.inf, -np.inf], np.nan, inplace=True)\n",
    "\n",
    "# --- Drop columns with >20% missing in attack ---\n",
    "miss_thresh = 0.2\n",
    "good_cols = X_attack.isnull().mean() < miss_thresh\n",
    "X_attack = X_attack.loc[:, good_cols]\n",
    "X_benign = X_benign.loc[:, good_cols]\n",
    "\n",
    "# --- Drop single-value columns (attack) ---\n",
    "multi_cols = X_attack.nunique()[X_attack.nunique() > 1].index\n",
    "shared_cols = [col for col in multi_cols if col in X_benign.columns]\n",
    "X_attack = X_attack[shared_cols]\n",
    "X_benign = X_benign[shared_cols]\n",
    "\n",
    "# --- Drop highly collinear columns (corr > 0.95) ---\n",
    "corr = X_attack.corr().abs()\n",
    "upper = corr.where(np.triu(np.ones(corr.shape), k=1).astype(bool))\n",
    "to_drop = [col for col in upper.columns if any(upper[col] > 0.95)]\n",
    "X_attack = X_attack.drop(columns=to_drop)\n",
    "X_benign = X_benign.drop(columns=to_drop)\n",
    "\n",
    "# --- Drop any column from benign that still has NaNs ---\n",
    "no_nan_cols = X_benign.columns[~X_benign.isnull().any()]\n",
    "X_attack = X_attack[no_nan_cols]\n",
    "X_benign = X_benign[no_nan_cols]\n",
    "\n",
    "\n",
    "qX1 = X_benign\n",
    "qX2 = X_attack\n",
    "\n",
    "qX1 = qX1.loc[~(qX1 == 0.0).all(axis=1)]\n",
    "qX2 = qX2.loc[~(qX2 == 0.0).all(axis=1)]\n",
    "# 1. Combine and label\n",
    "X = pd.concat([qX1, qX2], axis=0)\n",
    "y = np.array([0] * len(qX1) + [1] * len(qX2))  # 0 = benign, 1 = attack\n",
    "\n",
    "# 2. Train an XGBoost classifier\n",
    "model = xgb.XGBClassifier(\n",
    "    use_label_encoder=False,\n",
    "    eval_metric='logloss',  # suppress warning\n",
    "    n_estimators=100,\n",
    "    max_depth=4,\n",
    "    learning_rate=0.1,\n",
    "    random_state=42\n",
    ")\n",
    "model.fit(X, y)\n",
    "\n",
    "# 3. Get feature importances and pick top 10\n",
    "importances = pd.Series(model.feature_importances_, index=X.columns)\n",
    "top_features = importances.nlargest(8).index.tolist()\n",
    "print(\"Top-10 features by importance:\")\n",
    "for i, feat in enumerate(top_features, 1):\n",
    "    print(f\"{i}. {feat} ({importances[feat]:.4f})\")\n",
    "\n",
    "# 4. Re-slice your datasets to only those top features\n",
    "qX1 = qX1[top_features].copy()\n",
    "qX2 = qX2[top_features].copy()\n",
    "\n",
    "print(\"\\nAfter selecting top features:\")\n",
    "# print(\"Benign shape:\", qX1_top.shape)\n",
    "# print(\"Attack shape:\", qX2_top.shape)\n",
    "# --- Normalize to [-1, 1] ---\n",
    "# scaler = MinMaxScaler(feature_range=(-1, 1))\n",
    "# combined_scaled = pd.concat([qX1, qX2])\n",
    "# scaler.fit(combined_scaled)\n",
    "\n",
    "# qX1 = pd.DataFrame(scaler.transform(qX1), columns=top_features)\n",
    "# qX2 = pd.DataFrame(scaler.transform(qX2), columns=top_features)\n",
    "\n",
    "# --- Final Output ---\n",
    "print(\"Final selected features:\", qX2.columns)\n",
    "print(\"Benign shape:\", qX1.shape)\n",
    "print(\"Attack shape:\", qX2.shape)\n"
   ]
  },
  {
   "cell_type": "code",
   "execution_count": 4,
   "id": "41d3eaf7",
   "metadata": {},
   "outputs": [],
   "source": [
    "# qX1 = np.load('ATTACKDATA/loicbenign_200.npy', allow_pickle=True)\n",
    "# qX2 = np.load('ATTACKDATA/loicattack_200.npy', allow_pickle=True)"
   ]
  },
  {
   "cell_type": "code",
   "execution_count": 5,
   "id": "7bb74eb5",
   "metadata": {},
   "outputs": [],
   "source": [
    "# columns = [3, 4, 5, 6, 7, 8, 9, 10]\n",
    "# qX1 = qX1[:15,columns]\n",
    "# qX2 = qX2[:15,columns]"
   ]
  },
  {
   "cell_type": "code",
   "execution_count": 6,
   "id": "7f3b6b44",
   "metadata": {},
   "outputs": [
    {
     "name": "stdout",
     "output_type": "stream",
     "text": [
      "qX.shape=(100, 8)\n",
      "qy.shape=(100,)\n"
     ]
    }
   ],
   "source": [
    "qX = np.row_stack([qX1, qX2])\n",
    "qy = np.array([-1] * len(qX1) + [1] * len(qX2))\n",
    "\n",
    "print(f\"{qX.shape=}\")\n",
    "print(f\"{qy.shape=}\")"
   ]
  },
  {
   "cell_type": "code",
   "execution_count": 7,
   "id": "3a4a2b37",
   "metadata": {},
   "outputs": [
    {
     "name": "stdout",
     "output_type": "stream",
     "text": [
      "Shape training set: (80, 8) (80,)\n",
      "Shape testing set: (20, 8) (20,)\n",
      "Example of feature: [4.29720000e+04 4.63145018e+00 1.00000000e+01 5.00000000e+00\n",
      " 5.00000000e+00 1.26900000e+03 1.26900000e+02 2.87183700e+02]\n",
      "Example of label: 1\n"
     ]
    }
   ],
   "source": [
    "qX_train, qX_test, qy_train, qy_test = train_test_split(qX, qy, test_size=0.2, random_state=42)\n",
    "\n",
    "print(\"Shape training set:\", qX_train.shape, qy_train.shape)\n",
    "print(\"Shape testing set:\", qX_test.shape, qy_test.shape)\n",
    "print(\"Example of feature:\", qX_train[0])\n",
    "print(\"Example of label:\", qy_train[0])"
   ]
  },
  {
   "cell_type": "code",
   "execution_count": 8,
   "id": "ffa3ac32",
   "metadata": {},
   "outputs": [],
   "source": [
    "# Instantiate a machine learning model\n",
    "model = SVC(kernel='precomputed')"
   ]
  },
  {
   "cell_type": "markdown",
   "id": "2ea97085",
   "metadata": {},
   "source": [
    "## BUILD QUANTUM KERNEL"
   ]
  },
  {
   "cell_type": "code",
   "execution_count": 9,
   "id": "8cd00047",
   "metadata": {},
   "outputs": [],
   "source": [
    "from quask.core_implementation.qiskit_kernel import QiskitKernel\n",
    "from quask.core import KernelType\n",
    "from qiskit_ibm_runtime import QiskitRuntimeService, Session, Sampler\n",
    "\n",
    "# SIMULATED AER BACKEND\n",
    "def create_qiskit_noiseless(ansatz, measurement: str, type: KernelType):\n",
    "    # Here platform=\"infty_shots\" forces Estimator/Aer path inside QiskitKernel\n",
    "    return QiskitKernel(\n",
    "        ansatz,\n",
    "        measurement,\n",
    "        type,\n",
    "        platform=\"infty_shots\",\n",
    "        n_shots=None  # None means no sampling, use statevector/estimator\n",
    "    )\n",
    "\n",
    "# REAL QUANTUM BACKEND\n",
    "_service = QiskitRuntimeService(name=\"cotrum\")\n",
    "backend = _service.backend(\"ibm_rensselaer\")\n",
    "options = {\n",
    "    \"dynamical_decoupling\": {\"sequence_type\": \"XX\", \"enable\": False},\n",
    "    \"twirling\": {\"enable_gates\": False, \"enable_measure\": False, \"num_randomizations\": \"auto\", \"shots_per_randomization\": \"auto\"}\n",
    "}\n",
    "\n",
    "# Example factory for a real IBM backend with given options\n",
    "def create_qiskit_ibm(ansatz, measurement: str, type: KernelType):\n",
    "    return QiskitKernel(\n",
    "        ansatz,\n",
    "        measurement,\n",
    "        type,\n",
    "        platform=\"ibm_quantum\",    # or leave default so QiskitKernel picks job mode\n",
    "        n_shots=2048,\n",
    "        options=options,\n",
    "        backend=backend,\n",
    "    )"
   ]
  },
  {
   "cell_type": "markdown",
   "id": "462b6cf2",
   "metadata": {},
   "source": [
    "Add to Factory"
   ]
  },
  {
   "cell_type": "code",
   "execution_count": 10,
   "id": "ba7c99b8",
   "metadata": {},
   "outputs": [],
   "source": [
    "from quask.core import KernelFactory, Ansatz\n",
    "\n",
    "# Register the noiseless factory\n",
    "# KernelFactory.add_implementation('qiskit_noiseless', create_qiskit_noiseless)\n",
    "# Register the IBM backend factory\n",
    "KernelFactory.add_implementation('qiskit_ibm', create_qiskit_ibm)\n",
    "\n",
    "# Choose which one is the default for create_kernel calls:\n",
    "# KernelFactory.set_current_implementation('qiskit_noiseless')\n",
    "# ...later, if you want to switch:\n",
    "KernelFactory.set_current_implementation('qiskit_ibm')"
   ]
  },
  {
   "cell_type": "markdown",
   "id": "5c620c41",
   "metadata": {},
   "source": [
    "Define ansatz ops"
   ]
  },
  {
   "cell_type": "code",
   "execution_count": 11,
   "id": "548d9206",
   "metadata": {},
   "outputs": [],
   "source": [
    "ansatz = Ansatz(n_features=8, n_qubits=4, n_operations=8)\n",
    "ansatz.initialize_to_identity()\n",
    "# e.g. set operations...\n",
    "ansatz.change_operation(0, new_feature=0, new_wires=[0, 1], new_generator=\"XX\", new_bandwidth=0.1)\n",
    "ansatz.change_operation(1, new_feature=1, new_wires=[1, 2], new_generator=\"XY\", new_bandwidth=0.1)\n",
    "ansatz.change_operation(2, new_feature=2, new_wires=[2, 3], new_generator=\"XZ\", new_bandwidth=0.1)\n",
    "ansatz.change_operation(3, new_feature=3, new_wires=[3, 0], new_generator=\"YX\", new_bandwidth=0.1)\n",
    "ansatz.change_operation(4, new_feature=4, new_wires=[0, 1], new_generator=\"YY\", new_bandwidth=0.1)\n",
    "ansatz.change_operation(5, new_feature=5, new_wires=[1, 2], new_generator=\"YZ\", new_bandwidth=0.1)\n",
    "ansatz.change_operation(6, new_feature=6, new_wires=[2, 3], new_generator=\"ZX\", new_bandwidth=0.1)\n",
    "ansatz.change_operation(7, new_feature=7, new_wires=[3, 0], new_generator=\"ZY\", new_bandwidth=0.1)\n",
    "# 8\n",
    "# ansatz.change_operation(8, new_feature=8, new_wires=[0, 1], new_generator=\"XX\", new_bandwidth=0.1)\n",
    "# ansatz.change_operation(9, new_feature=9, new_wires=[1, 2], new_generator=\"XY\", new_bandwidth=0.1)\n",
    "# ansatz.change_operation(10, new_feature=10, new_wires=[2, 3], new_generator=\"XZ\", new_bandwidth=0.1)\n",
    "# ansatz.change_operation(11, new_feature=11, new_wires=[3, 0], new_generator=\"YX\", new_bandwidth=0.1)\n",
    "# ansatz.change_operation(12, new_feature=12, new_wires=[0, 1], new_generator=\"YY\", new_bandwidth=0.1)\n",
    "# ansatz.change_operation(13, new_feature=13, new_wires=[1, 2], new_generator=\"YZ\", new_bandwidth=0.1)\n",
    "# ansatz.change_operation(14, new_feature=14, new_wires=[2, 3], new_generator=\"ZX\", new_bandwidth=0.1)\n",
    "# # 20\n",
    "# ansatz.change_operation(15, new_feature=15, new_wires=[3, 0], new_generator=\"ZY\", new_bandwidth=0.1)\n",
    "# ansatz.change_operation(16, new_feature=16, new_wires=[0, 1], new_generator=\"XX\", new_bandwidth=0.1)\n",
    "# ansatz.change_operation(17, new_feature=17, new_wires=[1, 2], new_generator=\"XY\", new_bandwidth=0.1)\n",
    "# ansatz.change_operation(18, new_feature=18, new_wires=[2, 3], new_generator=\"XZ\", new_bandwidth=0.1)\n",
    "# ansatz.change_operation(19, new_feature=19, new_wires=[3, 0], new_generator=\"YX\", new_bandwidth=0.1)\n"
   ]
  },
  {
   "cell_type": "markdown",
   "id": "582b8ada",
   "metadata": {},
   "source": [
    "Create KernelFactory"
   ]
  },
  {
   "cell_type": "code",
   "execution_count": 12,
   "id": "0d2c8b32",
   "metadata": {},
   "outputs": [],
   "source": [
    "kernel = KernelFactory.create_kernel(ansatz, \"ZZZZ\", KernelType.FIDELITY)\n",
    "\n",
    "kernel.service = _service # This will invoke whichever implementation is current (e.g., create_qiskit_noiseless)."
   ]
  },
  {
   "cell_type": "markdown",
   "id": "017f5c71",
   "metadata": {},
   "source": [
    "Set up a Session"
   ]
  },
  {
   "cell_type": "code",
   "execution_count": 13,
   "id": "01b44798",
   "metadata": {},
   "outputs": [
    {
     "name": "stdout",
     "output_type": "stream",
     "text": [
      "Number of circuits (isa_circuits):  3160\n",
      "Job sent to hardware. Job ID: d1jkri4uvp6s73c7pno0\n",
      "Job sent to hardware. Job ID: d1jkt9n29o4s73ancnv0\n",
      "Job sent to hardware. Job ID: d1jkuvv29o4s73ancpug\n",
      "Job sent to hardware. Job ID: d1jl0mfa572c73950rcg\n",
      "Job sent to hardware. Job ID: d1jl2dkuvp6s73c7q0rg\n",
      "Job sent to hardware. Job ID: d1jl43cuvp6s73c7q3l0\n",
      "Job sent to hardware. Job ID: d1jl5osuvp6s73c7q5t0\n",
      "Job sent to hardware. Job ID: d1jl7eva572c739515k0\n",
      "Job sent to hardware. Job ID: d1jl94n29o4s73and8g0\n",
      "Job sent to hardware. Job ID: d1jlaqb9fb3c73efafe0\n",
      "Job sent to hardware. Job ID: d1jlcgr9fb3c73efai10\n",
      "Job sent to hardware. Job ID: d1jle739fb3c73efakfg\n",
      "Job sent to hardware. Job ID: d1jlft4uvp6s73c7qk1g\n",
      "Job sent to hardware. Job ID: d1jlhj729o4s73andkng\n",
      "Job sent to hardware. Job ID: d1jlj9v29o4s73andmt0\n",
      "Job sent to hardware. Job ID: d1jll0j9fb3c73efau60\n",
      "Job sent to hardware. Job ID: d1jlmmb9fb3c73efb0g0\n",
      "Job sent to hardware. Job ID: d1jloccuvp6s73c7qvqg\n",
      "Job sent to hardware. Job ID: d1jlq1va572c739520ag\n",
      "Job sent to hardware. Job ID: d1jlrnsuvp6s73c7r4og\n",
      "Job sent to hardware. Job ID: d1jlte729o4s73ane5ag\n",
      "Job sent to hardware. Job ID: d1jlv3va572c73952770\n",
      "[[1.         0.22070312 0.08544922 0.15722656 0.09863281 0.40087891\n",
      "  0.07714844 0.07617188 0.06884766 0.13964844 0.07714844 0.49365234\n",
      "  0.12353516 0.12207031 0.17138672 0.06982422 0.09716797 0.08789062\n",
      "  0.1171875  0.15380859 0.07177734 0.10595703 0.13818359 0.1484375\n",
      "  0.50244141 0.07470703 0.10058594 0.11083984 0.08447266 0.1484375\n",
      "  0.07910156 0.08642578 0.15576172 0.0703125  0.10498047 0.13916016\n",
      "  0.09082031 0.07324219 0.16943359 0.18115234 0.13037109 0.21435547\n",
      "  0.16259766 0.1484375  0.24658203 0.14208984 0.13134766 0.11035156\n",
      "  0.16064453 0.15185547 0.10205078 0.08398438 0.24560547 0.07421875\n",
      "  0.234375   0.12304688 0.11181641 0.12744141 0.04541016 0.10839844\n",
      "  0.19091797 0.07226562 0.47412109 0.10986328 0.49267578 0.16699219\n",
      "  0.04541016 0.11181641 0.10351562 0.18457031 0.07714844 0.06738281\n",
      "  0.21679688 0.09082031 0.0703125  0.12060547 0.10986328 0.12890625\n",
      "  0.09765625 0.06787109]\n",
      " [0.22070312 1.         0.07617188 0.11035156 0.13964844 0.10302734\n",
      "  0.08056641 0.13964844 0.08203125 0.07373047 0.06835938 0.11816406\n",
      "  0.07714844 0.10693359 0.13671875 0.08300781 0.14941406 0.10986328\n",
      "  0.109375   0.08056641 0.14355469 0.1015625  0.13183594 0.09326172\n",
      "  0.08544922 0.08056641 0.12011719 0.09667969 0.10107422 0.125\n",
      "  0.08691406 0.10107422 0.12255859 0.07958984 0.29541016 0.12451172\n",
      "  0.08300781 0.19580078 0.11230469 0.08935547 0.12109375 0.08251953\n",
      "  0.07617188 0.1171875  0.08300781 0.05957031 0.11914062 0.11865234\n",
      "  0.09326172 0.1171875  0.14941406 0.08105469 0.19873047 0.07958984\n",
      "  0.13330078 0.109375   0.09619141 0.10888672 0.11767578 0.20800781\n",
      "  0.16845703 0.09716797 0.10595703 0.10546875 0.09912109 0.16308594\n",
      "  0.05712891 0.15185547 0.12939453 0.18164062 0.08203125 0.08740234\n",
      "  0.19335938 0.09326172 0.08496094 0.14355469 0.12109375 0.125\n",
      "  0.2421875  0.04882812]\n",
      " [0.08544922 0.07617188 1.         0.21191406 0.13671875 0.12792969\n",
      "  0.18164062 0.11328125 0.19775391 0.05029297 0.18994141 0.13818359\n",
      "  0.10791016 0.16064453 0.08886719 0.22119141 0.06738281 0.10107422\n",
      "  0.13037109 0.1953125  0.22119141 0.12939453 0.21435547 0.09326172\n",
      "  0.23535156 0.22949219 0.09912109 0.12890625 0.08056641 0.20751953\n",
      "  0.20654297 0.68505859 0.20214844 0.19775391 0.24072266 0.08300781\n",
      "  0.27392578 0.16748047 0.21044922 0.07373047 0.10742188 0.11474609\n",
      "  0.12402344 0.17919922 0.09277344 0.10888672 0.20898438 0.09765625\n",
      "  0.08837891 0.07666016 0.04199219 0.19726562 0.08837891 0.18603516\n",
      "  0.10986328 0.07910156 0.06640625 0.17578125 0.09326172 0.20068359\n",
      "  0.08740234 0.0625     0.12744141 0.13867188 0.2265625  0.12109375\n",
      "  0.68408203 0.13378906 0.1171875  0.11962891 0.08007812 0.09130859\n",
      "  0.10742188 0.09082031 0.19384766 0.07958984 0.09765625 0.45117188\n",
      "  0.109375   0.07519531]\n",
      " [0.15722656 0.11035156 0.21191406 1.         0.13330078 0.09716797\n",
      "  0.14453125 0.0703125  0.14599609 0.09423828 0.17041016 0.12939453\n",
      "  0.10693359 0.1015625  0.12451172 0.16162109 0.08691406 0.13183594\n",
      "  0.11035156 0.16992188 0.33984375 0.11083984 0.54394531 0.09765625\n",
      "  0.11132812 0.16113281 0.06787109 0.12451172 0.07568359 0.33642578\n",
      "  0.14794922 0.16845703 0.35791016 0.17089844 0.11669922 0.11572266\n",
      "  0.15283203 0.16552734 0.35205078 0.12109375 0.10302734 0.09130859\n",
      "  0.12304688 0.10302734 0.05126953 0.13623047 0.33496094 0.09960938\n",
      "  0.07714844 0.11328125 0.10351562 0.14550781 0.11132812 0.15966797\n",
      "  0.09619141 0.11376953 0.11376953 0.13085938 0.08251953 0.10986328\n",
      "  0.11621094 0.11035156 0.10839844 0.13134766 0.12158203 0.08300781\n",
      "  0.15722656 0.09863281 0.15917969 0.11767578 0.12060547 0.08105469\n",
      "  0.11523438 0.09179688 0.15673828 0.12646484 0.05078125 0.09570312\n",
      "  0.11816406 0.09521484]\n",
      " [0.09863281 0.13964844 0.13671875 0.13330078 1.         0.06152344\n",
      "  0.11572266 0.18115234 0.12597656 0.22363281 0.11962891 0.1015625\n",
      "  0.18066406 0.06201172 0.109375   0.08056641 0.15332031 0.12597656\n",
      "  0.09277344 0.11181641 0.09960938 0.09814453 0.15283203 0.10742188\n",
      "  0.09277344 0.11572266 0.17626953 0.10644531 0.12646484 0.11425781\n",
      "  0.11328125 0.13134766 0.11865234 0.11279297 0.09570312 0.34667969\n",
      "  0.10546875 0.18847656 0.11328125 0.09326172 0.15087891 0.13232422\n",
      "  0.19921875 0.05615234 0.08984375 0.10449219 0.1328125  0.14794922\n",
      "  0.05712891 0.09326172 0.09912109 0.11376953 0.05664062 0.11279297\n",
      "  0.11767578 0.21826172 0.05859375 0.09228516 0.14550781 0.08984375\n",
      "  0.15283203 0.18994141 0.11083984 0.11230469 0.10791016 0.20703125\n",
      "  0.09960938 0.11328125 0.12744141 0.10644531 0.12304688 0.1640625\n",
      "  0.09179688 0.12158203 0.12939453 0.12304688 0.16162109 0.05078125\n",
      "  0.13378906 0.35449219]\n",
      " [0.40087891 0.10302734 0.12792969 0.09716797 0.06152344 1.\n",
      "  0.12255859 0.18310547 0.12890625 0.14306641 0.13427734 0.33886719\n",
      "  0.21630859 0.34423828 0.20556641 0.12060547 0.08007812 0.18261719\n",
      "  0.33789062 0.12207031 0.125      0.34570312 0.10986328 0.08544922\n",
      "  0.39208984 0.11181641 0.13037109 0.32568359 0.125      0.11621094\n",
      "  0.12402344 0.11230469 0.20117188 0.11328125 0.3359375  0.13476562\n",
      "  0.12011719 0.20849609 0.11083984 0.07275391 0.10693359 0.17480469\n",
      "  0.15917969 0.51074219 0.25488281 0.16015625 0.10595703 0.18310547\n",
      "  0.20410156 0.19873047 0.13134766 0.12890625 0.29248047 0.12304688\n",
      "  0.31787109 0.13427734 0.08447266 0.12451172 0.1640625  0.11572266\n",
      "  0.17382812 0.078125   0.33154297 0.33447266 0.32421875 0.17675781\n",
      "  0.12304688 0.15185547 0.14990234 0.19091797 0.14892578 0.08056641\n",
      "  0.10888672 0.15820312 0.125      0.1796875  0.05664062 0.39794922\n",
      "  0.28173828 0.14697266]\n",
      " [0.07714844 0.08056641 0.18164062 0.14453125 0.11572266 0.12255859\n",
      "  1.         0.06884766 0.24023438 0.08789062 0.23681641 0.12158203\n",
      "  0.09716797 0.24951172 0.13183594 0.20507812 0.05859375 0.19238281\n",
      "  0.12451172 0.54443359 0.63623047 0.20068359 0.26025391 0.0703125\n",
      "  0.1171875  0.6796875  0.09619141 0.11865234 0.06005859 0.23828125\n",
      "  0.23974609 0.18359375 0.22705078 0.65576172 0.12207031 0.10498047\n",
      "  0.22460938 0.09375    0.68017578 0.08691406 0.11230469 0.07714844\n",
      "  0.15917969 0.10449219 0.09619141 0.08740234 0.18115234 0.09228516\n",
      "  0.06445312 0.39306641 0.03710938 0.67138672 0.11669922 0.63916016\n",
      "  0.09082031 0.08056641 0.06738281 0.07861328 0.07080078 0.21142578\n",
      "  0.09863281 0.09277344 0.09960938 0.09912109 0.1171875  0.13134766\n",
      "  0.23095703 0.15429688 0.09716797 0.10058594 0.04785156 0.06396484\n",
      "  0.09130859 0.08349609 0.68554688 0.09130859 0.09472656 0.41650391\n",
      "  0.11425781 0.07177734]\n",
      " [0.07617188 0.13964844 0.11328125 0.0703125  0.18115234 0.18310547\n",
      "  0.06884766 1.         0.07666016 0.09912109 0.08154297 0.07714844\n",
      "  0.15576172 0.07470703 0.17529297 0.07958984 0.16259766 0.09375\n",
      "  0.08349609 0.04052734 0.07421875 0.08203125 0.09619141 0.27929688\n",
      "  0.09912109 0.07128906 0.16748047 0.08154297 0.25       0.08398438\n",
      "  0.07519531 0.07958984 0.07666016 0.07324219 0.078125   0.09472656\n",
      "  0.046875   0.12109375 0.08007812 0.17724609 0.18603516 0.09521484\n",
      "  0.09472656 0.06445312 0.10302734 0.11865234 0.08349609 0.07958984\n",
      "  0.18994141 0.07177734 0.1015625  0.07421875 0.06933594 0.08349609\n",
      "  0.09912109 0.16162109 0.2109375  0.09619141 0.2578125  0.11181641\n",
      "  0.08349609 0.15039062 0.08398438 0.09130859 0.07763672 0.14746094\n",
      "  0.08300781 0.06201172 0.17089844 0.09716797 0.13378906 0.18310547\n",
      "  0.08837891 0.06640625 0.07519531 0.08642578 0.11279297 0.09716797\n",
      "  0.08447266 0.09033203]\n",
      " [0.06884766 0.08203125 0.19775391 0.14599609 0.12597656 0.12890625\n",
      "  0.24023438 0.07666016 1.         0.07568359 0.21533203 0.14404297\n",
      "  0.07177734 0.12841797 0.09228516 0.22558594 0.15136719 0.10205078\n",
      "  0.13818359 0.23095703 0.22509766 0.13085938 0.16699219 0.06005859\n",
      "  0.13232422 0.20703125 0.09423828 0.14257812 0.06933594 0.20703125\n",
      "  0.69970703 0.31054688 0.20898438 0.20263672 0.20947266 0.03173828\n",
      "  0.23486328 0.06005859 0.37158203 0.08056641 0.11328125 0.11328125\n",
      "  0.17871094 0.11816406 0.1015625  0.12011719 0.21826172 0.07666016\n",
      "  0.07373047 0.07666016 0.07226562 0.22021484 0.10498047 0.20849609\n",
      "  0.109375   0.0703125  0.07861328 0.17626953 0.24365234 0.08544922\n",
      "  0.08447266 0.06396484 0.15429688 0.09960938 0.23583984 0.08447266\n",
      "  0.20849609 0.13134766 0.10302734 0.09619141 0.03222656 0.07910156\n",
      "  0.08984375 0.08642578 0.20507812 0.09179688 0.09326172 0.12060547\n",
      "  0.09619141 0.07763672]\n",
      " [0.13964844 0.07373047 0.05029297 0.09423828 0.22363281 0.14306641\n",
      "  0.08789062 0.09912109 0.07568359 1.         0.10253906 0.09570312\n",
      "  0.31347656 0.10205078 0.12988281 0.08398438 0.12792969 0.13085938\n",
      "  0.11035156 0.08691406 0.09667969 0.09521484 0.09619141 0.23730469\n",
      "  0.09375    0.07861328 0.20263672 0.10498047 0.26171875 0.15917969\n",
      "  0.10351562 0.07763672 0.09716797 0.11181641 0.10693359 0.18603516\n",
      "  0.10498047 0.20556641 0.15673828 0.12988281 0.12109375 0.13964844\n",
      "  0.17773438 0.14306641 0.33203125 0.11962891 0.17431641 0.34179688\n",
      "  0.17675781 0.06054688 0.16015625 0.10791016 0.27636719 0.08837891\n",
      "  0.14453125 0.48193359 0.39160156 0.08496094 0.15576172 0.11132812\n",
      "  0.19726562 0.171875   0.09570312 0.11035156 0.10839844 0.06445312\n",
      "  0.1015625  0.09570312 0.10400391 0.09130859 0.11083984 0.15576172\n",
      "  0.08837891 0.14794922 0.09619141 0.04736328 0.34667969 0.13476562\n",
      "  0.19921875 0.24658203]\n",
      " [0.07714844 0.06835938 0.18994141 0.17041016 0.11962891 0.13427734\n",
      "  0.23681641 0.08154297 0.21533203 0.10253906 1.         0.12548828\n",
      "  0.09814453 0.13134766 0.11914062 0.65332031 0.08886719 0.08935547\n",
      "  0.09472656 0.59814453 0.23876953 0.09912109 0.23632812 0.09277344\n",
      "  0.11083984 0.24707031 0.09082031 0.24560547 0.06396484 0.22070312\n",
      "  0.24853516 0.23681641 0.21728516 0.68603516 0.11181641 0.109375\n",
      "  0.2421875  0.12207031 0.18505859 0.09423828 0.10986328 0.08398438\n",
      "  0.1640625  0.10546875 0.10400391 0.10400391 0.26025391 0.03662109\n",
      "  0.07617188 0.09033203 0.08691406 0.23730469 0.08984375 0.24169922\n",
      "  0.08398438 0.07666016 0.05371094 0.1484375  0.07324219 0.09570312\n",
      "  0.04492188 0.08886719 0.11523438 0.19287109 0.11962891 0.07080078\n",
      "  0.21728516 0.12304688 0.10742188 0.10107422 0.08203125 0.08105469\n",
      "  0.09765625 0.09082031 0.21240234 0.08984375 0.09130859 0.10107422\n",
      "  0.1171875  0.06982422]\n",
      " [0.49365234 0.11816406 0.13818359 0.12939453 0.1015625  0.33886719\n",
      "  0.12158203 0.07714844 0.14404297 0.09570312 0.12548828 1.\n",
      "  0.19238281 0.30615234 0.17382812 0.11669922 0.16699219 0.15576172\n",
      "  0.36816406 0.12744141 0.09521484 0.33691406 0.11328125 0.1015625\n",
      "  0.40576172 0.08007812 0.14990234 0.31445312 0.13916016 0.11132812\n",
      "  0.11914062 0.11035156 0.16113281 0.08349609 0.33251953 0.12890625\n",
      "  0.08935547 0.18847656 0.11962891 0.08105469 0.07470703 0.19824219\n",
      "  0.15771484 0.4453125  0.21923828 0.16992188 0.11279297 0.17236328\n",
      "  0.16064453 0.18701172 0.19091797 0.11132812 0.20703125 0.12158203\n",
      "  0.32177734 0.13720703 0.12597656 0.14892578 0.13378906 0.12109375\n",
      "  0.16503906 0.13330078 0.30712891 0.50537109 0.34326172 0.19726562\n",
      "  0.11328125 0.13916016 0.15332031 0.28564453 0.11669922 0.07763672\n",
      "  0.1171875  0.12304688 0.11816406 0.18115234 0.15576172 0.42236328\n",
      "  0.19677734 0.17822266]\n",
      " [0.12353516 0.07714844 0.10791016 0.10693359 0.18066406 0.21630859\n",
      "  0.09716797 0.15576172 0.07177734 0.31347656 0.09814453 0.19238281\n",
      "  1.         0.06298828 0.09667969 0.11376953 0.19335938 0.24023438\n",
      "  0.04199219 0.12255859 0.17480469 0.06298828 0.10986328 0.21191406\n",
      "  0.16503906 0.09667969 0.27148438 0.13330078 0.19335938 0.09863281\n",
      "  0.109375   0.14111328 0.10644531 0.09277344 0.14501953 0.13330078\n",
      "  0.10400391 0.31835938 0.1015625  0.07714844 0.09423828 0.09033203\n",
      "  0.18457031 0.16162109 0.10546875 0.15527344 0.13574219 0.24658203\n",
      "  0.04785156 0.07763672 0.15380859 0.09716797 0.05810547 0.10009766\n",
      "  0.03662109 0.49121094 0.07617188 0.09814453 0.23876953 0.08691406\n",
      "  0.08447266 0.21582031 0.15380859 0.15087891 0.14697266 0.27832031\n",
      "  0.10205078 0.11816406 0.11914062 0.08349609 0.14648438 0.23095703\n",
      "  0.11425781 0.17626953 0.10791016 0.13671875 0.58251953 0.18554688\n",
      "  0.09179688 0.359375  ]\n",
      " [0.12207031 0.10693359 0.16064453 0.1015625  0.06201172 0.34423828\n",
      "  0.24951172 0.07470703 0.12841797 0.10205078 0.13134766 0.30615234\n",
      "  0.06298828 1.         0.18505859 0.11962891 0.08398438 0.18066406\n",
      "  0.50244141 0.10546875 0.11279297 0.3203125  0.10742188 0.08105469\n",
      "  0.39208984 0.08935547 0.04492188 0.30615234 0.140625   0.11083984\n",
      "  0.11865234 0.15820312 0.12255859 0.11914062 0.32763672 0.13769531\n",
      "  0.11914062 0.31298828 0.10449219 0.12158203 0.08935547 0.34423828\n",
      "  0.16601562 0.38964844 0.24121094 0.05761719 0.10449219 0.16748047\n",
      "  0.12988281 0.17089844 0.203125   0.11132812 0.21191406 0.12939453\n",
      "  0.32373047 0.13671875 0.12548828 0.28271484 0.08886719 0.13574219\n",
      "  0.16015625 0.09619141 0.66796875 0.37353516 0.33154297 0.1875\n",
      "  0.13867188 0.09716797 0.13720703 0.24609375 0.12353516 0.17578125\n",
      "  0.10107422 0.14746094 0.11425781 0.26171875 0.15429688 0.40869141\n",
      "  0.17724609 0.24707031]\n",
      " [0.17138672 0.13671875 0.08886719 0.12451172 0.109375   0.20556641\n",
      "  0.13183594 0.17529297 0.09228516 0.12988281 0.11914062 0.17382812\n",
      "  0.09667969 0.18505859 1.         0.11181641 0.12011719 0.12646484\n",
      "  0.10546875 0.12890625 0.09375    0.12597656 0.12402344 0.15625\n",
      "  0.10888672 0.18261719 0.12060547 0.13525391 0.12988281 0.11279297\n",
      "  0.08398438 0.09960938 0.13085938 0.0859375  0.1171875  0.13134766\n",
      "  0.08789062 0.03320312 0.12060547 0.27978516 0.17089844 0.0859375\n",
      "  0.11035156 0.12744141 0.13378906 0.13037109 0.13378906 0.05322266\n",
      "  0.19775391 0.12158203 0.11669922 0.07666016 0.15087891 0.09130859\n",
      "  0.12109375 0.08105469 0.16259766 0.11132812 0.21289062 0.15380859\n",
      "  0.13134766 0.09472656 0.10839844 0.14599609 0.33251953 0.29150391\n",
      "  0.07275391 0.10595703 0.15820312 0.15478516 0.13671875 0.13964844\n",
      "  0.13232422 0.08203125 0.11914062 0.41992188 0.09521484 0.12304688\n",
      "  0.04785156 0.04785156]\n",
      " [0.06982422 0.08300781 0.22119141 0.16162109 0.08056641 0.12060547\n",
      "  0.20507812 0.07958984 0.22558594 0.08398438 0.65332031 0.11669922\n",
      "  0.11376953 0.11962891 0.11181641 1.         0.1328125  0.09912109\n",
      "  0.22998047 0.21337891 0.20556641 0.125      0.33056641 0.08398438\n",
      "  0.12939453 0.1875     0.09375    0.23193359 0.10498047 0.20654297\n",
      "  0.19335938 0.67236328 0.21484375 0.19677734 0.13085938 0.09033203\n",
      "  0.19384766 0.09033203 0.18505859 0.09912109 0.09765625 0.11865234\n",
      "  0.12158203 0.11376953 0.12939453 0.09667969 0.21923828 0.03613281\n",
      "  0.31445312 0.35302734 0.078125   0.66503906 0.08740234 0.203125\n",
      "  0.11279297 0.08056641 0.08642578 0.16650391 0.08642578 0.20605469\n",
      "  0.08886719 0.07714844 0.14501953 0.13378906 0.12451172 0.12988281\n",
      "  0.20800781 0.1328125  0.10546875 0.10693359 0.09521484 0.18505859\n",
      "  0.08886719 0.08935547 0.17675781 0.08642578 0.10107422 0.109375\n",
      "  0.09619141 0.07373047]\n",
      " [0.09716797 0.14941406 0.06738281 0.08691406 0.15332031 0.08007812\n",
      "  0.05859375 0.16259766 0.15136719 0.12792969 0.08886719 0.16699219\n",
      "  0.19335938 0.08398438 0.12011719 0.1328125  1.         0.09765625\n",
      "  0.08935547 0.09130859 0.07617188 0.09375    0.07226562 0.14306641\n",
      "  0.078125   0.07519531 0.09130859 0.08105469 0.20117188 0.12060547\n",
      "  0.06884766 0.09667969 0.12207031 0.07373047 0.25244141 0.08789062\n",
      "  0.07177734 0.06347656 0.12304688 0.18261719 0.15380859 0.07666016\n",
      "  0.07617188 0.08154297 0.1015625  0.05615234 0.10693359 0.11181641\n",
      "  0.21875    0.16650391 0.14160156 0.08740234 0.07226562 0.07519531\n",
      "  0.07958984 0.15527344 0.24365234 0.24267578 0.20410156 0.14453125\n",
      "  0.09863281 0.15771484 0.08642578 0.08837891 0.08984375 0.14599609\n",
      "  0.08251953 0.12792969 0.12890625 0.11767578 0.21777344 0.19042969\n",
      "  0.17089844 0.07177734 0.07226562 0.13427734 0.09716797 0.08496094\n",
      "  0.03466797 0.06298828]\n",
      " [0.08789062 0.10986328 0.10107422 0.13183594 0.12597656 0.18261719\n",
      "  0.19238281 0.09375    0.10205078 0.13085938 0.08935547 0.15576172\n",
      "  0.24023438 0.18066406 0.12646484 0.09912109 0.09765625 1.\n",
      "  0.12792969 0.19628906 0.10058594 0.13769531 0.13769531 0.11328125\n",
      "  0.15673828 0.08984375 0.13769531 0.13916016 0.09277344 0.09912109\n",
      "  0.11035156 0.12011719 0.11181641 0.16357422 0.13134766 0.13037109\n",
      "  0.14111328 0.07177734 0.11425781 0.09130859 0.10644531 0.13623047\n",
      "  0.12011719 0.40966797 0.06835938 0.10107422 0.10400391 0.10791016\n",
      "  0.11425781 0.12304688 0.10205078 0.10839844 0.0390625  0.10107422\n",
      "  0.07714844 0.13183594 0.09179688 0.11669922 0.10253906 0.16259766\n",
      "  0.3125     0.12353516 0.13330078 0.12792969 0.11328125 0.12304688\n",
      "  0.09033203 0.1171875  0.13818359 0.13378906 0.0859375  0.0859375\n",
      "  0.20898438 0.14794922 0.09033203 0.15771484 0.05664062 0.13867188\n",
      "  0.26269531 0.08984375]\n",
      " [0.1171875  0.109375   0.13037109 0.11035156 0.09277344 0.33789062\n",
      "  0.12451172 0.08349609 0.13818359 0.11035156 0.09472656 0.36816406\n",
      "  0.04199219 0.50244141 0.10546875 0.22998047 0.08935547 0.12792969\n",
      "  1.         0.10693359 0.13183594 0.36425781 0.09667969 0.08544922\n",
      "  0.36181641 0.11279297 0.13330078 0.33154297 0.09960938 0.12548828\n",
      "  0.12304688 0.12792969 0.11962891 0.14111328 0.32470703 0.13378906\n",
      "  0.11474609 0.16796875 0.11816406 0.10595703 0.07177734 0.29296875\n",
      "  0.13769531 0.25830078 0.2421875  0.09960938 0.11132812 0.16162109\n",
      "  0.16845703 0.25195312 0.15087891 0.09130859 0.27685547 0.11816406\n",
      "  0.30859375 0.13818359 0.09326172 0.14306641 0.10546875 0.15966797\n",
      "  0.16455078 0.171875   0.31494141 0.81884766 0.35791016 0.14355469\n",
      "  0.13183594 0.05371094 0.10693359 0.21386719 0.1328125  0.15527344\n",
      "  0.15429688 0.10888672 0.12841797 0.34521484 0.15966797 0.39501953\n",
      "  0.24462891 0.12744141]\n",
      " [0.15380859 0.08056641 0.1953125  0.16992188 0.11181641 0.12207031\n",
